{"version":1}
{"currentFrameRate":48.4396,"gestures":[],"hands":[{"direction":[0.421193,0.550544,0.720762],"id":56,"palmNormal":[0.502339,-0.803272,0.320015],"palmPosition":[-43.4276,85.0368,-45.6492],"palmVelocity":[0.725254,1.15259,-2.37851],"r":[[0.518114,-0.673047,-0.527792],[0.2307,0.704175,-0.671502],[0.823611,0.226153,0.520115]],"s":1.07177,"sphereCenter":[-46.0567,90.806,-51.9058],"sphereRadius":52.7739,"stabilizedPalmPosition":[-48.9772,85.7803,-49.2458],"t":[9.9149,-4.31233,42.0658],"timeVisible":2.88288}],"id":30274,"interactionBox":{"center":[0,200,0],"size":[221.418,221.418,154.742]},"pointables":[{"direction":[0.377133,0.0926136,0.921517],"handId":56,"id":32,"length":48.9854,"stabilizedTipPosition":[-6.77289,107.55,-22.0502],"timeVisible":3.04695,"tipPosition":[-0.997752,107.037,-7.99038],"tipVelocity":[6.14479,15.2744,7.65493],"tool":false,"touchDistance":0.333333,"touchZone":"none"},{"direction":[0.59343,-0.414994,0.689653],"handId":56,"id":55,"length":40.2466,"stabilizedTipPosition":[-37.9839,111.798,3.08536],"timeVisible":2.96495,"tipPosition":[-32.4033,111.457,19.7096],"tipVelocity":[0.420427,18.1299,9.10659],"tool":false,"touchDistance":0.333333,"touchZone":"none"}],"r":[[0.450875,0.775795,0.441422],[-0.882721,0.314222,0.349382],[0.132344,-0.547181,0.826486]],"s":-1.13806,"t":[380.427,-788.537,269.828],"timestamp":241330673386}
{"currentFrameRate":48.3813,"gestures":[],"hands":[{"direction":[0.421891,0.550934,0.720055],"id":56,"palmNormal":[0.501899,-0.803324,0.320575],"palmPosition":[-43.6659,84.861,-46.0576],"palmVelocity":[-11.5568,-8.52654,-19.8082],"r":[[0.518708,-0.672502,-0.527905],[0.231125,0.704778,-0.670724],[0.823118,0.225898,0.521005]],"s":1.07235,"sphereCenter":[-45.928,90.9764,-51.9128],"sphereRadius":52.9045,"stabilizedPalmPosition":[-48.859,85.7598,-49.1748],"t":[9.94892,-3.82973,42.242],"timeVisible":2.9035}],"id":30276,"interactionBox":{"center":[0,200,0],"size":[221.418,221.418,154.742]},"pointables":[{"direction":[0.377818,0.0935114,0.921146],"handId":56,"id":32,"length":48.9315,"stabilizedTipPosition":[-6.70795,107.55,-21.8908],"timeVisible":3.06757,"tipPosition":[-0.978638,107.532,-7.81997],"tipVelocity":[2.42284,20.1513,7.04483],"tool":false,"touchDistance":0.333333,"touchZone":"none"},{"direction":[0.593296,-0.414963,0.689786],"handId":56,"id":55,"length":40.1811,"stabilizedTipPosition":[-37.9115,111.799,3.30285],"timeVisible":2.98557,"tipPosition":[-32.3736,111.929,19.9301],"tipVelocity":[3.09436,18.1987,8.80501],"tool":false,"touchDistance":0.333333,"touchZone":"none"}],"r":[[0.450918,0.77552,0.441862],[-0.88274,0.314223,0.349333],[0.132072,-0.54757,0.826271]],"s":-1.13748,"t":[380.461,-788.055,270.005],"timestamp":241330694003}
{"currentFrameRate":40.3868,"gestures":[],"hands":[{"direction":[0.426278,0.546366,0.720952],"id":56,"palmNormal":[0.500058,-0.806472,0.315508],"palmPosition":[-44.9816,83.6133,-49.6865],"palmVelocity":[-43.0079,-40.7855,-118.618],"r":[[0.519587,-0.671454,-0.528374],[0.230738,0.705695,-0.669891],[0.822672,0.22615,0.5216]],"s":1.07525,"sphereCenter":[-46.0199,91.1877,-51.7455],"sphereRadius":52.9495,"stabilizedPalmPosition":[-48.7229,85.6845,-49.1928],"t":[9.82567,-3.16965,42.4707],"timeVisible":2.93409}],"id":30278,"interactionBox":{"center":[0,200,0],"size":[221.418,221.418,154.742]},"pointables":[{"direction":[0.378186,0.0938241,0.920963],"handId":56,"id":32,"length":48.9117,"stabilizedTipPosition":[-6.61859,107.56,-21.6676],"timeVisible":3.09816,"tipPosition":[-0.980281,108.184,-7.58977],"tipVelocity":[0.708215,20.773,7.30923],"tool":false,"touchDistance":0.333333,"touchZone":"none"},{"direction":[0.593111,-0.415075,0.689878],"handId":56,"id":55,"length":40.1458,"stabilizedTipPosition":[-37.83,111.813,3.55791],"timeVisible":3.01616,"tipPosition":[-32.5028,112.677,20.2302],"tipVelocity":[-2.05559,22.2164,9.28033],"tool":false,"touchDistance":0.333333,"touchZone":"none"}],"r":[[0.449991,0.776098,0.441792],[-0.883055,0.312953,0.349677],[0.133123,-0.547478,0.826163]],"s":-1.13457,"t":[380.338,-787.395,270.233],"timestamp":241330724596}
{"currentFrameRate":43.9431,"gestures":[],"hands":[{"direction":[0.427982,0.542709,0.722702],"id":56,"palmNormal":[0.498939,-0.80862,0.311759],"palmPosition":[-45.703,83.2753,-51.3863],"palmVelocity":[-34.7058,-16.261,-81.7824],"r":[[0.520765,-0.670178,-0.528833],[0.229801,0.706642,-0.669215],[0.822189,0.226977,0.522002]],"s":1.07822,"sphereCenter":[-46.2246,90.9375,-51.6513],"sphereRadius":53.1686,"stabilizedPalmPosition":[-48.6534,85.629,-49.2433],"t":[9.69793,-2.59967,42.734],"timeVisible":2.95487}],"id":30280,"interactionBox":{"center":[0,200,0],"size":[221.418,221.418,154.742]},"pointables":[{"direction":[0.37841,0.0936465,0.920889],"handId":56,"id":32,"length":48.8796,"stabilizedTipPosition":[-6.55753,107.572,-21.5097],"timeVisible":3.11895,"tipPosition":[-1.10043,108.705,-7.39763],"tipVelocity":[-2.17585,19.7793,7.50871],"tool":false,"touchDistance":0.333333,"touchZone":"none"},{"direction":[0.592836,-0.415085,0.690109],"handId":56,"id":55,"length":40.1216,"stabilizedTipPosition":[-37.7757,111.829,3.73684],"timeVisible":3.03694,"tipPosition":[-32.676,113.36,20.5612],"tipVelocity":[-2.73532,23.9625,12.4743],"tool":false,"touchDistance":0.333333,"touchZone":"none"}],"r":[[0.448676,0.776173,0.442996],[-0.883602,0.31099,0.350046],[0.133929,-0.54849,0.825362]],"s":-1.13161,"t":[380.21,-786.825,270.497],"timestamp":241330745381}
{"currentFrameRate":46.3557,"gestures":[],"hands":[{"direction":[0.429407,0.540295,0.723665],"id":56,"palmNormal":[0.497311,-0.810333,0.309908],"palmPosition":[-46.1435,83.3863,-52.1765],"palmVelocity":[-21.6233,5.44978,-38.7818],"r":[[0.521604,-0.66885,-0.529687],[0.228709,0.707725,-0.668445],[0.821962,0.227519,0.522124]],"s":1.08129,"sphereCenter":[-46.3611,90.6765,-51.4797],"sphereRadius":53.3592,"stabilizedPalmPosition":[-48.5963,85.578,-49.31],"t":[9.51442,-1.85559,43.082],"timeVisible":2.97525}],"id":30282,"interactionBox":{"center":[0,200,0],"size":[221.418,221.418,154.742]},"pointables":[{"direction":[0.378583,0.0937119,0.920811],"handId":56,"id":32,"length":48.8501,"stabilizedTipPosition":[-6.49903,107.592,-21.3514],"timeVisible":3.13932,"tipPosition":[-1.22632,109.343,-7.08262],"tipVelocity":[-3.07952,25.8204,12.9313],"tool":false,"touchDistance":0.333333,"touchZone":"none"},{"direction":[0.592571,-0.41518,0.690279],"handId":56,"id":55,"length":40.0937,"stabilizedTipPosition":[-37.7246,111.854,3.91802],"timeVisible":3.05732,"tipPosition":[-32.934,114.191,20.9141],"tipVelocity":[-7.11482,31.6383,14.0416],"tool":false,"touchDistance":0.333333,"touchZone":"none"}],"r":[[0.446759,0.777181,0.443167],[-0.884266,0.308322,0.35073],[0.135942,-0.548569,0.82498]],"s":-1.12854,"t":[380.026,-786.081,270.844],"timestamp":241330765755}
{"currentFrameRate":47.3083,"gestures":[],"hands":[{"direction":[0.429248,0.539135,0.724623],"id":56,"palmNormal":[0.496298,-0.811113,0.309491],"palmPosition":[-46.4299,83.8543,-52.4518],"palmVelocity":[-13.8501,22.6319,-13.3139],"r":[[0.522122,-0.667981,-0.530273],[0.227554,0.708319,-0.668208],[0.821954,0.22822,0.521831]],"s":1.08229,"sphereCenter":[-46.4176,90.4799,-51.2763],"sphereRadius":53.5471,"stabilizedPalmPosition":[-48.5384,85.5319,-49.394],"t":[9.41474,-1.17861,43.5258],"timeVisible":2.99593}],"id":30284,"interactionBox":{"center":[0,200,0],"size":[221.418,221.418,154.742]},"pointables":[{"direction":[0.379025,0.0938627,0.920614],"handId":56,"id":32,"length":48.8639,"stabilizedTipPosition":[-6.44103,107.62,-21.1862],"timeVisible":3.16,"tipPosition":[-1.34111,110.081,-6.65343],"tipVelocity":[-3.13187,30.4383,17.7332],"tool":false,"touchDistance":0.333333,"touchZone":"none"},{"direction":[0.592179,-0.415256,0.69057],"handId":56,"id":55,"length":40.0495,"stabilizedTipPosition":[-37.677,111.885,4.09772],"timeVisible":3.078,"tipPosition":[-33.1073,114.903,21.332],"tipVelocity":[-4.67238,28.0913,16.8978],"tool":false,"touchDistance":0.333333,"touchZone":"none"}],"r":[[0.446546,0.77749,0.442838],[-0.88431,0.308067,0.350843],[0.136353,-0.548273,0.825109]],"s":-1.12754,"t":[379.927,-785.404,271.288],"timestamp":241330786435}
{"currentFrameRate":47.8064,"gestures":[],"hands":[{"direction":[0.429924,0.537736,0.725262],"id":56,"palmNormal":[0.494879,-0.812221,0.308855],"palmPosition":[-46.5962,84.5849,-52.3808],"palmVelocity":[-8.0812,35.5053,3.45116],"r":[[0.522636,-0.666771,-0.531289],[0.226491,0.709367,-0.667458],[0.821921,0.228505,0.521758]],"s":1.08564,"sphereCenter":[-46.4169,90.351,-51.0147],"sphereRadius":53.7528,"stabilizedPalmPosition":[-48.474,85.5005,-49.4931],"t":[9.34851,-0.269255,44.0689],"timeVisible":3.0165}],"id":30286,"interactionBox":{"center":[0,200,0],"size":[221.418,221.418,154.742]},"pointables":[{"direction":[0.379473,0.0939025,0.920425],"handId":56,"id":32,"length":48.9017,"stabilizedTipPosition":[-6.38207,107.658,-21.011],"timeVisible":3.18058,"tipPosition":[-1.38235,110.88,-6.16226],"tipVelocity":[-0.484698,33.6206,20.5684],"tool":false,"touchDistance":0.333333,"touchZone":"none"},{"direction":[0.591707,-0.415417,0.690877],"handId":56,"id":55,"length":40.0483,"stabilizedTipPosition":[-37.6275,111.93,4.29841],"timeVisible":3.09857,"tipPosition":[-33.2926,115.893,21.8746],"tipVelocity":[-5.66895,39.8741,22.1505],"tool":false,"touchDistance":0.333333,"touchZone":"none"}],"r":[[0.444557,0.778453,0.443148],[-0.885002,0.305294,0.351522],[0.138353,-0.548459,0.824652]],"s":-1.12419,"t":[379.86,-784.494,271.831],"timestamp":241330807010}
{"currentFrameRate":48.1124,"gestures":[],"hands":[{"direction":[0.42943,0.53714,0.725996],"id":56,"palmNormal":[0.493319,-0.812878,0.309621],"palmPosition":[-46.6461,85.3267,-52.1567],"palmVelocity":[-2.42752,36.1016,10.9043],"r":[[0.522893,-0.665778,-0.53228],[0.225509,0.71025,-0.666852],[0.822027,0.228658,0.521524]],"s":1.08718,"sphereCenter":[-46.3106,90.2062,-50.6666],"sphereRadius":53.9313,"stabilizedPalmPosition":[-48.4063,85.4941,-49.5917],"t":[9.38578,0.565067,44.5652],"timeVisible":3.03705}],"id":30288,"interactionBox":{"center":[0,200,0],"size":[221.418,221.418,154.742]},"pointables":[{"direction":[0.379887,0.0936361,0.920282],"handId":56,"id":32,"length":48.9115,"stabilizedTipPosition":[-6.31991,107.708,-20.8203],"timeVisible":3.20112,"tipPosition":[-1.3791,111.716,-5.65805],"tipVelocity":[1.09402,35.6516,21.3844],"tool":false,"touchDistance":0.333333,"touchZone":"none"},{"direction":[0.591268,-0.415126,0.691428],"handId":56,"id":55,"length":39.9634,"stabilizedTipPosition":[-37.5746,111.991,4.52289],"timeVisible":3.11912,"tipPosition":[-33.3611,116.818,22.396],"tipVelocity":[-1.55647,38.2514,21.741],"tool":false,"touchDistance":0.333333,"touchZone":"none"}],"r":[[0.443308,0.779035,0.443376],[-0.885433,0.303551,0.351944],[0.13959,-0.5486,0.82435]],"s":-1.12265,"t":[379.898,-783.66,272.328],"timestamp":241330827559}
{"currentFrameRate":48.4859,"gestures":[],"hands":[{"direction":[0.429174,0.536287,0.726778],"id":56,"palmNormal":[0.491848,-0.813647,0.309943],"palmPosition":[-46.6126,86.1489,-51.8462],"palmVelocity":[1.64491,40.3501,15.2397],"r":[[0.522934,-0.664572,-0.533744],[0.224696,0.711517,-0.665774],[0.822223,0.228226,0.521403]],"s":1.09129,"sphereCenter":[-46.0975,89.9734,-50.2493],"sphereRadius":54.138,"stabilizedPalmPosition":[-48.3315,85.5213,-49.6856],"t":[9.42929,1.50681,45.1967],"timeVisible":3.05743}],"id":30290,"interactionBox":{"center":[0,200,0],"size":[221.418,221.418,154.742]},"pointables":[{"direction":[0.380333,0.0931552,0.920146],"handId":56,"id":32,"length":48.9593,"stabilizedTipPosition":[-6.25387,107.771,-20.6136],"timeVisible":3.2215,"tipPosition":[-1.28384,112.534,-5.05994],"tipVelocity":[4.7081,35.6036,25.6041],"tool":false,"touchDistance":0.333333,"touchZone":"none"},{"direction":[0.590687,-0.414845,0.692092],"handId":56,"id":55,"length":39.9214,"stabilizedTipPosition":[-37.5143,112.078,4.79427],"timeVisible":3.1395,"tipPosition":[-33.4633,117.926,23.04],"tipVelocity":[-3.17134,46.2971,26.9735],"tool":false,"touchDistance":0.333333,"touchZone":"none"}],"r":[[0.440402,0.780532,0.443639],[-0.886403,0.29953,0.352947],[0.142603,-0.548681,0.82378]],"s":-1.11854,"t":[379.941,-782.718,272.959],"timestamp":241330847936}
{"currentFrameRate":48.7498,"gestures":[],"hands":[{"direction":[0.428043,0.537909,0.726246],"id":56,"palmNormal":[0.49024,-0.813281,0.31343],"palmPosition":[-46.2657,87.2612,-50.571],"palmVelocity":[17.0395,54.6371,62.639],"r":[[0.522896,-0.663432,-0.535199],[0.224315,0.712843,-0.664483],[0.822352,0.227402,0.521561]],"s":1.09667,"sphereCenter":[-45.8747,90.208,-50.2322],"sphereRadius":54.5817,"stabilizedPalmPosition":[-48.2509,85.5892,-49.7202],"t":[9.5201,2.39027,45.8595],"timeVisible":3.07779}],"id":30292,"interactionBox":{"center":[0,200,0],"size":[221.418,221.418,154.742]},"pointables":[{"direction":[0.380857,0.0929622,0.919949],"handId":56,"id":32,"length":48.9803,"stabilizedTipPosition":[-6.18296,107.849,-20.3899],"timeVisible":3.24186,"tipPosition":[-1.13788,113.343,-4.47321],"tipVelocity":[6.69657,35.7163,25.4744],"tool":false,"touchDistance":0.333333,"touchZone":"none"},{"direction":[0.589987,-0.414709,0.692771],"handId":56,"id":55,"length":39.8086,"stabilizedTipPosition":[-37.4478,112.193,5.11037],"timeVisible":3.15986,"tipPosition":[-33.5188,119.008,23.7858],"tipVelocity":[-1.56458,45.9711,31.369],"tool":false,"touchDistance":0.333333,"touchZone":"none"}],"r":[[0.4377,0.781473,0.444656],[-0.887353,0.295699,0.353788],[0.144991,-0.54942,0.82287]],"s":-1.11316,"t":[380.032,-781.835,273.622],"timestamp":241330868294}
{"currentFrameRate":48.676,"gestures":[],"hands":[{"direction":[0.42951,0.535558,0.727117],"id":56,"palmNormal":[0.487975,-0.815137,0.312141],"palmPosition":[-46.2712,87.8791,-50.6131],"palmVelocity":[-0.269207,30.0091,-2.04325],"r":[[0.522899,-0.662237,-0.536674],[0.223605,0.714127,-0.663342],[0.822543,0.226858,0.521496]],"s":1.10221,"sphereCenter":[-45.596,90.1039,-49.7315],"sphereRadius":54.7598,"stabilizedPalmPosition":[-48.1657,85.6877,-49.7586],"t":[9.66763,3.14083,46.6209],"timeVisible":3.09838}],"id":30294,"interactionBox":{"center":[0,200,0],"size":[221.418,221.418,154.742]},"pointables":[{"direction":[0.381596,0.0926024,0.919679],"handId":56,"id":32,"length":49.0095,"stabilizedTipPosition":[-6.10958,107.936,-20.1585],"timeVisible":3.26245,"tipPosition":[-0.916878,114.094,-3.78453],"tipVelocity":[9.63875,33.5219,29.6686],"tool":false,"touchDistance":0.333333,"touchZone":"none"},{"direction":[0.589051,-0.414779,0.693525],"handId":56,"id":55,"length":39.7061,"stabilizedTipPosition":[-37.3804,112.327,5.44607],"timeVisible":3.18045,"tipPosition":[-33.5309,119.978,24.6228],"tipVelocity":[-0.0419842,41.8929,35.1062],"tool":false,"touchDistance":0.333333,"touchZone":"none"}],"r":[[0.435494,0.782364,0.445254],[-0.888098,0.2926,0.354497],[0.147064,-0.54981,0.822241]],"s":-1.10762,"t":[380.18,-781.084,274.383],"timestamp":241330888885}
{"currentFrameRate":48.5468,"gestures":[],"hands":[{"direction":[0.429976,0.534786,0.72741],"id":56,"palmNormal":[0.486133,-0.816059,0.312605],"palmPosition":[-46.1769,88.3617,-50.3153],"palmVelocity":[4.57234,23.4001,14.4394],"r":[[0.522579,-0.660963,-0.538552],[0.223024,0.715646,-0.6619],[0.822904,0.225785,0.521392]],"s":1.10874,"sphereCenter":[-45.2845,89.972,-49.1679],"sphereRadius":54.9458,"stabilizedPalmPosition":[-48.0748,85.81,-49.784],"t":[9.80338,3.81771,47.395],"timeVisible":3.119}],"id":30296,"interactionBox":{"center":[0,200,0],"size":[221.418,221.418,154.742]},"pointables":[{"direction":[0.382685,0.0927621,0.91921],"handId":56,"id":32,"length":49.0313,"stabilizedTipPosition":[-6.04082,108.021,-19.9437],"timeVisible":3.28307,"tipPosition":[-0.623339,114.713,-3.02065],"tipVelocity":[12.5513,28.4025,32.9076],"tool":false,"touchDistance":0.333333,"touchZone":"none"},{"direction":[0.588098,-0.415006,0.694197],"handId":56,"id":55,"length":39.5705,"stabilizedTipPosition":[-37.3151,112.475,5.79055],"timeVisible":3.20107,"tipPosition":[-33.5865,120.931,25.463],"tipVelocity":[-1.84725,41.6116,35.5145],"tool":false,"touchDistance":0.333333,"touchZone":"none"}],"r":[[0.432316,0.784409,0.444752],[-0.889027,0.288306,0.355683],[0.150776,-0.549164,0.822001]],"s":-1.10108,"t":[380.315,-780.407,275.157],"timestamp":241330909506}
{"currentFrameRate":48.5362,"gestures":[],"hands":[{"direction":[0.430485,0.53325,0.728235],"id":56,"palmNormal":[0.483767,-0.817461,0.312614],"palmPosition":[-46.04,88.6504,-49.8604],"palmVelocity":[6.66262,14.0476,22.1315],"r":[[0.522694,-0.659729,-0.539951],[0.222156,0.716882,-0.660853],[0.823066,0.22547,0.521273]],"s":1.11559,"sphereCenter":[-44.9915,89.9463,-48.6378],"sphereRadius":55.1031,"stabilizedPalmPosition":[-47.997,85.9186,-49.787],"t":[9.99649,4.24056,48.2981],"timeVisible":3.13955}],"id":30298,"interactionBox":{"center":[0,200,0],"size":[221.418,221.418,154.742]},"pointables":[{"direction":[0.383529,0.0921728,0.918918],"handId":56,"id":32,"length":49.0838,"stabilizedTipPosition":[-5.98093,108.096,-19.7578],"timeVisible":3.30363,"tipPosition":[-0.341829,115.212,-2.25497],"tipVelocity":[12.1645,23.8441,33.3688],"tool":false,"touchDistance":0.333333,"touchZone":"none"},{"direction":[0.587029,-0.414914,0.695157],"handId":56,"id":55,"length":39.5195,"stabilizedTipPosition":[-37.2606,112.607,6.08931],"timeVisible":3.22163,"tipPosition":[-33.5355,121.596,26.5055],"tipVelocity":[2.1946,30.8751,43.824],"tool":false,"touchDistance":0.333333,"touchZone":"none"}],"r":[[0.430844,0.784536,0.445957],[-0.889578,0.286133,0.35606],[0.151739,-0.55012,0.821184]],"s":-1.09424,"t":[380.508,-779.984,276.061],"timestamp":241330930062}
{"currentFrameRate":48.3961,"gestures":[],"hands":[{"direction":[0.431198,0.531211,0.729303],"id":56,"palmNormal":[0.481927,-0.818946,0.311567],"palmPosition":[-45.8755,88.7933,-49.2482],"palmVelocity":[7.97556,6.92863,29.6793],"r":[[0.511721,-0.65989,-0.55017],[0.223678,0.720608,-0.656272],[0.829524,0.212767,0.516353]],"s":1.11794,"sphereCenter":[-44.6634,89.8336,-47.9993],"sphereRadius":55.2676,"stabilizedPalmPosition":[-47.9287,86.0112,-49.7696],"t":[8.19549,5.7228,46.8236],"timeVisible":3.16018}],"id":30300,"interactionBox":{"center":[0,200,0],"size":[221.418,221.418,154.742]},"pointables":[{"direction":[0.384435,0.091426,0.918613],"handId":56,"id":32,"length":49.1352,"stabilizedTipPosition":[-5.93275,108.157,-19.608],"timeVisible":3.32425,"tipPosition":[-0.0544693,115.624,-1.32133],"tipVelocity":[12.4548,20.4543,40.3349],"tool":false,"touchDistance":0.333333,"touchZone":"none"},{"direction":[0.582249,-0.357229,0.730324],"handId":56,"id":55,"length":39.9163,"stabilizedTipPosition":[-37.2313,112.904,6.57642],"timeVisible":3.24225,"tipPosition":[-36.1676,123.674,24.2305],"tipVelocity":[-105.685,86.4387,-91.6995],"tool":false,"touchDistance":0.333333,"touchZone":"none"}],"r":[[0.414347,0.81529,0.404498],[-0.889082,0.267587,0.371391],[0.194553,-0.513516,0.835733]],"s":-1.09189,"t":[378.707,-778.502,274.586],"timestamp":241330950687}
{"currentFrameRate":48.5271,"gestures":[],"hands":[{"direction":[0.431525,0.529187,0.73058],"id":56,"palmNormal":[0.479687,-0.820484,0.310976],"palmPosition":[-45.7355,88.7962,-48.5981],"palmVelocity":[6.84342,0.141196,31.7971],"r":[[0.51344,-0.658683,-0.550015],[0.221623,0.720988,-0.656551],[0.829013,0.215204,0.516163]],"s":1.10375,"sphereCenter":[-45.0818,90.7698,-48.1766],"sphereRadius":55.4341,"stabilizedPalmPosition":[-47.8654,86.0916,-49.7358],"t":[9.26895,5.41636,48.9681],"timeVisible":3.18063}],"id":30302,"interactionBox":{"center":[0,200,0],"size":[221.418,221.418,154.742]},"pointables":[{"direction":[0.385634,0.0908805,0.918165],"handId":56,"id":32,"length":49.1709,"stabilizedTipPosition":[-5.89595,108.204,-19.493],"timeVisible":3.3447,"tipPosition":[0.216744,115.92,-0.401112],"tipVelocity":[11.9698,15.9505,40.3733],"tool":false,"touchDistance":0.333333,"touchZone":"none"},{"direction":[0.580358,-0.36641,0.727275],"handId":56,"id":55,"length":39.8557,"stabilizedTipPosition":[-37.1811,113.208,7.13094],"timeVisible":3.2627,"tipPosition":[-35.4541,123.66,26.1999],"tipVelocity":[126.752,-22.0652,252.064],"tool":false,"touchDistance":0.333333,"touchZone":"none"}],"r":[[0.423254,0.806529,0.412756],[-0.885606,0.272152,0.376344],[0.1912,-0.524828,0.829456]],"s":-1.10608,"t":[379.781,-778.809,276.731],"timestamp":241330971134}
{"currentFrameRate":48.7852,"gestures":[],"hands":[{"direction":[0.430651,0.527238,0.732502],"id":56,"palmNormal":[0.477784,-0.821745,0.310576],"palmPosition":[-45.5551,88.998,-47.5053],"palmVelocity":[8.85553,9.90186,53.6386],"r":[[0.514749,-0.65752,-0.550183],[0.219622,0.721447,-0.656719],[0.828734,0.217213,0.51577]],"s":1.09563,"sphereCenter":[-46.3442,92.6147,-49.1942],"sphereRadius":55.7018,"stabilizedPalmPosition":[-47.8075,86.1644,-49.6799],"t":[9.85822,5.36655,50.5519],"timeVisible":3.201}],"id":30304,"interactionBox":{"center":[0,200,0],"size":[221.418,221.418,154.742]},"pointables":[{"direction":[0.386585,0.0900717,0.917845],"handId":56,"id":32,"length":49.2463,"stabilizedTipPosition":[-5.8691,108.238,-19.4083],"timeVisible":3.36507,"tipPosition":[0.451851,116.143,0.528196],"tipVelocity":[10.6408,12.9999,41.239],"tool":false,"touchDistance":0.333333,"touchZone":"none"},{"direction":[0.578533,-0.373912,0.724907],"handId":56,"id":55,"length":39.7855,"stabilizedTipPosition":[-37.1283,113.452,7.61591],"timeVisible":3.28307,"tipPosition":[-34.9093,123.699,28.0008],"tipVelocity":[73.96,-9.9004,159.279],"tool":false,"touchDistance":0.333333,"touchZone":"none"}],"r":[[0.430114,0.799133,0.419987],[-0.882926,0.275347,0.380298],[0.188266,-0.534388,0.824005]],"s":-1.1142,"t":[380.37,-778.858,278.314],"timestamp":241330991507}
{"currentFrameRate":48.4556,"gestures":[],"hands":[{"direction":[0.430449,0.525898,0.733584],"id":56,"palmNormal":[0.476318,-0.822702,0.310295],"palmPosition":[-45.4503,88.7916,-47.1096],"palmVelocity":[5.07118,-9.98239,19.1383],"r":[[0.516996,-0.655893,-0.550018],[0.217582,0.722144,-0.656633],[0.827873,0.219802,0.516055]],"s":1.08832,"sphereCenter":[-46.3548,93.1466,-48.9876],"sphereRadius":55.8898,"stabilizedPalmPosition":[-47.7555,86.2224,-49.6232],"t":[10.4484,5.42896,52.0108],"timeVisible":3.22168}],"id":30306,"interactionBox":{"center":[0,200,0],"size":[221.418,221.418,154.742]},"pointables":[{"direction":[0.387572,0.0889729,0.917536],"handId":56,"id":32,"length":49.298,"stabilizedTipPosition":[-5.85089,108.26,-19.3497],"timeVisible":3.38575,"tipPosition":[0.621222,116.296,1.47421],"tipVelocity":[7.9881,9.93172,41.8564],"tool":false,"touchDistance":0.333333,"touchZone":"none"},{"direction":[0.58632,-0.387079,0.711617],"handId":56,"id":55,"length":39.7855,"stabilizedTipPosition":[-37.0733,113.642,8.0256],"timeVisible":3.30375,"tipPosition":[-34.1421,123.799,29.8539],"tipVelocity":[66.6649,-2.52498,128.259],"tool":false,"touchDistance":0.333333,"touchZone":"none"}],"r":[[0.435381,0.790287,0.43115],[-0.881411,0.276751,0.382783],[0.183188,-0.546677,0.81706]],"s":-1.12151,"t":[380.96,-778.796,279.773],"timestamp":241331012184}
{"currentFrameRate":48.4117,"gestures":[],"hands":[{"direction":[0.429057,0.524932,0.73509],"id":56,"palmNormal":[0.475212,-0.823256,0.31052],"palmPosition":[-45.3052,88.5626,-46.6764],"palmVelocity":[7.04754,-11.1205,21.0414],"r":[[0.518208,-0.654763,-0.550223],[0.215827,0.722638,-0.656668],[0.827574,0.221538,0.515793]],"s":1.08382,"sphereCenter":[-46.2059,93.4655,-48.6939],"sphereRadius":55.9456,"stabilizedPalmPosition":[-47.7084,86.2674,-49.5665],"t":[10.9548,5.31746,53.1539],"timeVisible":3.24226}],"id":30308,"interactionBox":{"center":[0,200,0],"size":[221.418,221.418,154.742]},"pointables":[{"direction":[0.388702,0.0884554,0.917107],"handId":56,"id":32,"length":49.3416,"stabilizedTipPosition":[-5.83929,108.274,-19.3126],"timeVisible":3.40634,"tipPosition":[0.946986,116.272,2.43096],"tipVelocity":[14.3519,2.7654,42.7229],"tool":false,"touchDistance":0.333333,"touchZone":"none"},{"direction":[0.592706,-0.367019,0.716935],"handId":56,"id":55,"length":39.7855,"stabilizedTipPosition":[-37.0254,113.778,8.3391],"timeVisible":3.32434,"tipPosition":[-33.5045,123.742,31.3909],"tipVelocity":[47.608,-6.35694,91.3605],"tool":false,"touchDistance":0.333333,"touchZone":"none"}],"r":[[0.439671,0.783764,0.438638],[-0.880008,0.278231,0.384934],[0.179655,-0.555249,0.812048]],"s":-1.12601,"t":[381.467,-778.907,280.916],"timestamp":241331032772}
{"currentFrameRate":34.3694,"gestures":[],"hands":[{"direction":[0.429151,0.523423,0.73611],"id":56,"palmNormal":[0.473513,-0.824381,0.310132],"palmPosition":[-45.002,88.2869,-45.6471],"palmVelocity":[7.43335,-6.7596,25.2373],"r":[[0.517506,-0.654506,-0.55119],[0.214376,0.722781,-0.656985],[0.82839,0.221832,0.514354]],"s":1.08159,"sphereCenter":[-45.9242,93.5656,-48.2646],"sphereRadius":56.0029,"stabilizedPalmPosition":[-47.6247,86.3298,-49.4453],"t":[11.1755,5.20985,54.3239],"timeVisible":3.28305}],"id":30310,"interactionBox":{"center":[0,200,0],"size":[221.418,221.418,154.742]},"pointables":[{"direction":[0.389564,0.0865362,0.916925],"handId":56,"id":32,"length":49.4293,"stabilizedTipPosition":[-5.82462,108.29,-19.2657],"timeVisible":3.44712,"tipPosition":[1.50295,116.387,4.13342],"tipVelocity":[14.1654,2.62018,42.7977],"tool":false,"touchDistance":0.333333,"touchZone":"none"},{"direction":[0.589175,-0.378153,0.714054],"handId":56,"id":55,"length":39.7064,"stabilizedTipPosition":[-36.9591,113.95,8.7686],"timeVisible":3.36512,"tipPosition":[-33.1907,123.727,33.2057],"tipVelocity":[25.2941,-6.65697,62.0115],"tool":false,"touchDistance":0.333333,"touchZone":"none"}],"r":[[0.443776,0.781848,0.437922],[-0.877941,0.281339,0.387387],[0.179673,-0.556383,0.811268]],"s":-1.12824,"t":[381.687,-779.015,282.086],"timestamp":241331073557}
{"currentFrameRate":40.4937,"gestures":[],"hands":[{"direction":[0.429895,0.520634,0.737652],"id":56,"palmNormal":[0.471665,-0.826155,0.308219],"palmPosition":[-44.8436,88.2021,-45.1296],"palmVelocity":[7.74574,-4.14681,25.3057],"r":[[0.518418,-0.653495,-0.551532],[0.212498,0.723189,-0.657147],[0.828304,0.223477,0.513781]],"s":1.07959,"sphereCenter":[-45.807,93.9638,-47.8116],"sphereRadius":56.1089,"stabilizedPalmPosition":[-47.5923,86.3516,-49.3951],"t":[11.5785,5.25241,55.4328],"timeVisible":3.3035}],"id":30312,"interactionBox":{"center":[0,200,0],"size":[221.418,221.418,154.742]},"pointables":[{"direction":[0.390269,0.0850002,0.916769],"handId":56,"id":32,"length":49.514,"stabilizedTipPosition":[-5.82075,108.294,-19.2533],"timeVisible":3.46757,"tipPosition":[1.74756,116.324,4.98156],"tipVelocity":[10.3525,3.63308,36.4878],"tool":false,"touchDistance":0.333333,"touchZone":"none"},{"direction":[0.594874,-0.395257,0.699927],"handId":56,"id":55,"length":39.7064,"stabilizedTipPosition":[-36.9336,114.007,8.92106],"timeVisible":3.38557,"tipPosition":[-32.6543,123.55,34.4865],"tipVelocity":[35.1591,-1.2102,68.4856],"tool":false,"touchDistance":0.333333,"touchZone":"none"}],"r":[[0.447221,0.77683,0.443315],[-0.876872,0.283093,0.388528],[0.176321,-0.562488,0.807786]],"s":-1.13024,"t":[382.09,-778.973,283.195],"timestamp":241331094007}
{"currentFrameRate":44.3605,"gestures":[],"hands":[{"direction":[0.428707,0.519201,0.739351],"id":56,"palmNormal":[0.470516,-0.826936,0.307882],"palmPosition":[-44.6984,88.1359,-44.6607],"palmVelocity":[7.0914,-3.23671,22.9027],"r":[[0.517541,-0.653206,-0.552696],[0.210981,0.723405,-0.657398],[0.829239,0.223622,0.512206]],"s":1.07871,"sphereCenter":[-45.5106,93.92,-47.3416],"sphereRadius":56.1591,"stabilizedPalmPosition":[-47.5704,86.3651,-49.3593],"t":[11.5009,5.25873,56.0719],"timeVisible":3.32397}],"id":30314,"interactionBox":{"center":[0,200,0],"size":[221.418,221.418,154.742]},"pointables":[{"direction":[0.390873,0.0835704,0.916643],"handId":56,"id":32,"length":49.5792,"stabilizedTipPosition":[-5.81895,108.296,-19.2475],"timeVisible":3.48804,"tipPosition":[1.88451,116.273,5.77509],"tipVelocity":[6.5246,2.41726,35.672],"tool":false,"touchDistance":0.333333,"touchZone":"none"},{"direction":[0.591353,-0.402333,0.698878],"handId":56,"id":55,"length":39.6355,"stabilizedTipPosition":[-36.9188,114.039,9.01182],"timeVisible":3.40604,"tipPosition":[-32.6258,123.389,35.2568],"tipVelocity":[7.30449,-1.63301,38.3841],"tool":false,"touchDistance":0.333333,"touchZone":"none"}],"r":[[0.449661,0.776121,0.442087],[-0.875488,0.284896,0.390328],[0.176993,-0.562557,0.807591]],"s":-1.13112,"t":[382.013,-778.966,283.834],"timestamp":241331114478}
{"currentFrameRate":46.1393,"gestures":[],"hands":[{"direction":[0.428234,0.517639,0.74072],"id":56,"palmNormal":[0.469009,-0.827952,0.307451],"palmPosition":[-44.5432,88.0666,-44.1711],"palmVelocity":[7.4553,-3.32552,23.5068],"r":[[0.51671,-0.65289,-0.553847],[0.209491,0.723646,-0.65761],[0.830135,0.223768,0.510689]],"s":1.0784,"sphereCenter":[-45.1852,93.8212,-46.8334],"sphereRadius":56.12,"stabilizedPalmPosition":[-47.5544,86.3741,-49.3317],"t":[11.5622,5.2072,56.7504],"timeVisible":3.3448}],"id":30316,"interactionBox":{"center":[0,200,0],"size":[221.418,221.418,154.742]},"pointables":[{"direction":[0.391416,0.0818956,0.916562],"handId":56,"id":32,"length":49.6296,"stabilizedTipPosition":[-5.81812,108.297,-19.2448],"timeVisible":3.50887,"tipPosition":[2.04974,116.189,6.53973],"tipVelocity":[7.70712,-0.0113495,34.8654],"tool":false,"touchDistance":0.333333,"touchZone":"none"},{"direction":[0.588225,-0.408028,0.698215],"handId":56,"id":55,"length":39.5759,"stabilizedTipPosition":[-36.9107,114.056,9.06154],"timeVisible":3.42687,"tipPosition":[-32.5502,123.216,36.0259],"tipVelocity":[7.81385,-2.63098,37.5486],"tool":false,"touchDistance":0.333333,"touchZone":"none"}],"r":[[0.451659,0.775477,0.44118],[-0.874369,0.28639,0.39174],[0.177435,-0.562686,0.807404]],"s":-1.13142,"t":[382.074,-779.018,284.513],"timestamp":241331135305}
{"currentFrameRate":39.3484,"gestures":[],"hands":[{"direction":[0.428065,0.51592,0.742016],"id":56,"palmNormal":[0.468162,-0.828881,0.306236],"palmPosition":[-44.1767,87.9394,-43.2978],"palmVelocity":[11.9141,-4.13694,28.3947],"r":[[0.515853,-0.652502,-0.555101],[0.208068,0.723996,-0.657676],[0.831025,0.223765,0.50924]],"s":1.07921,"sphereCenter":[-44.7681,93.6633,-46.2264],"sphereRadius":56.1102,"stabilizedPalmPosition":[-47.5328,86.3841,-49.2933],"t":[11.8524,5.14136,57.6014],"timeVisible":3.37555}],"id":30318,"interactionBox":{"center":[0,200,0],"size":[221.418,221.418,154.742]},"pointables":[{"direction":[0.392114,0.0800751,0.916425],"handId":56,"id":32,"length":49.6827,"stabilizedTipPosition":[-5.81752,108.297,-19.2428],"timeVisible":3.53963,"tipPosition":[2.45423,116.068,7.61319],"tipVelocity":[11.7868,-2.15019,34.6033],"tool":false,"touchDistance":0.333333,"touchZone":"none"},{"direction":[0.585514,-0.412782,0.697699],"handId":56,"id":55,"length":39.5026,"stabilizedTipPosition":[-36.902,114.073,9.11512],"timeVisible":3.45763,"tipPosition":[-32.3281,123.127,37.1073],"tipVelocity":[9.436,-1.5655,36.0004],"tool":false,"touchDistance":0.333333,"touchZone":"none"}],"r":[[0.452537,0.77557,0.440115],[-0.873646,0.28666,0.393153],[0.178754,-0.562421,0.807298]],"s":-1.13062,"t":[382.364,-779.084,285.364],"timestamp":241331166061}
{"currentFrameRate":43.6837,"gestures":[],"hands":[{"direction":[0.427118,0.515275,0.743009],"id":56,"palmNormal":[0.46724,-0.829296,0.306522],"palmPosition":[-43.8818,87.7691,-42.7375],"palmVelocity":[14.4216,-8.32305,27.3964],"r":[[0.51507,-0.652505,-0.555824],[0.206685,0.72387,-0.658251],[0.831856,0.224165,0.507706]],"s":1.08114,"sphereCenter":[-44.3345,93.427,-45.5949],"sphereRadius":56.0987,"stabilizedPalmPosition":[-47.517,86.3901,-49.2648],"t":[12.2244,5.10391,58.4221],"timeVisible":3.39601}],"id":30320,"interactionBox":{"center":[0,200,0],"size":[221.418,221.418,154.742]},"pointables":[{"direction":[0.392871,0.0781353,0.916268],"handId":56,"id":32,"length":49.7393,"stabilizedTipPosition":[-5.81719,108.298,-19.2418],"timeVisible":3.56008,"tipPosition":[2.84314,116.052,8.29979],"tipVelocity":[15.9601,3.16621,32.9397],"tool":false,"touchDistance":0.333333,"touchZone":"none"},{"direction":[0.583013,-0.416639,0.697501],"handId":56,"id":55,"length":39.3919,"stabilizedTipPosition":[-36.8998,114.077,9.12793],"timeVisible":3.47808,"tipPosition":[-32.0786,122.879,37.8987],"tipVelocity":[12.5625,-5.29818,39.8724],"tool":false,"touchDistance":0.333333,"touchZone":"none"}],"r":[[0.455176,0.774524,0.439235],[-0.872486,0.289514,0.393637],[0.177716,-0.562401,0.807541]],"s":-1.12869,"t":[382.736,-779.121,286.185],"timestamp":241331186513}
{"currentFrameRate":45.69,"gestures":[],"hands":[{"direction":[0.425974,0.51364,0.744795],"id":56,"palmNormal":[0.46592,-0.830206,0.306067],"palmPosition":[-43.5646,87.606,-42.1423],"palmVelocity":[15.2433,-7.83705,28.6036],"r":[[0.514029,-0.652382,-0.556931],[0.205385,0.723997,-0.658517],[0.832821,0.224112,0.506145]],"s":1.08546,"sphereCenter":[-43.754,93.0061,-44.8986],"sphereRadius":56.0259,"stabilizedPalmPosition":[-47.4993,86.3956,-49.2329],"t":[12.6256,4.99174,59.2254],"timeVisible":3.41682}],"id":30322,"interactionBox":{"center":[0,200,0],"size":[221.418,221.418,154.742]},"pointables":[{"direction":[0.393996,0.0764789,0.915925],"handId":56,"id":32,"length":49.8142,"stabilizedTipPosition":[-5.81677,108.298,-19.2405],"timeVisible":3.58089,"tipPosition":[3.35567,115.887,9.01366],"tipVelocity":[21.3665,-3.74586,33.8053],"tool":false,"touchDistance":0.333333,"touchZone":"none"},{"direction":[0.580849,-0.419925,0.697336],"handId":56,"id":55,"length":39.3297,"stabilizedTipPosition":[-36.8981,114.08,9.13782],"timeVisible":3.49889,"tipPosition":[-31.8446,122.698,38.712],"tipVelocity":[11.4033,-3.77652,39.8831],"tool":false,"touchDistance":0.333333,"touchZone":"none"}],"r":[[0.456281,0.774557,0.438029],[-0.8718,0.290514,0.394418],[0.178246,-0.561839,0.807815]],"s":-1.12437,"t":[383.138,-779.233,286.988],"timestamp":241331207323}
{"currentFrameRate":41.7045,"gestures":[],"hands":[{"direction":[0.426271,0.511284,0.746245],"id":56,"palmNormal":[0.463843,-0.831784,0.304933],"palmPosition":[-42.7667,87.3711,-40.9349],"palmVelocity":[19.5698,-5.76354,29.615],"r":[[0.512742,-0.652322,-0.558186],[0.203969,0.724096,-0.658849],[0.833962,0.223967,0.504327]],"s":1.10037,"sphereCenter":[-43.038,92.3153,-44.1248],"sphereRadius":56.1202,"stabilizedPalmPosition":[-47.4682,86.402,-49.1784],"t":[13.6171,4.89821,60.3616],"timeVisible":3.45758}],"id":30325,"interactionBox":{"center":[0,200,0],"size":[221.418,221.418,154.742]},"pointables":[{"direction":[0.397307,0.0738954,0.914706],"handId":56,"id":32,"length":49.8898,"stabilizedTipPosition":[-5.81465,108.299,-19.2347],"timeVisible":3.62166,"tipPosition":[4.92135,115.737,10.1993],"tipVelocity":[33.9496,-3.48658,30.788],"tool":false,"touchDistance":0.333333,"touchZone":"none"},{"direction":[0.57811,-0.42313,0.697674],"handId":56,"id":55,"length":39.2383,"stabilizedTipPosition":[-36.8952,114.085,9.15438],"timeVisible":3.53966,"tipPosition":[-31.3333,122.58,40.4056],"tipVelocity":[13.1417,-2.93593,42.3385],"tool":false,"touchDistance":0.333333,"touchZone":"none"}],"r":[[0.45754,0.775288,0.435415],[-0.870957,0.292097,0.395112],[0.179142,-0.560007,0.808888]],"s":-1.10946,"t":[384.129,-779.327,288.124],"timestamp":241331248092}
{"currentFrameRate":45.2417,"gestures":[],"hands":[{"direction":[0.426922,0.508716,0.747627],"id":56,"palmNormal":[0.461036,-0.833683,0.304004],"palmPosition":[-42.2608,87.2608,-40.3558],"palmVelocity":[24.9679,-5.44474,28.5808],"r":[[0.511569,-0.652119,-0.559498],[0.202372,0.724278,-0.659141],[0.83507,0.22397,0.502489]],"s":1.11846,"sphereCenter":[-42.4757,91.9693,-43.6389],"sphereRadius":56.0833,"stabilizedPalmPosition":[-47.4493,86.4051,-49.1464],"t":[14.5686,4.7639,61.2824],"timeVisible":3.47785}],"id":30327,"interactionBox":{"center":[0,200,0],"size":[221.418,221.418,154.742]},"pointables":[{"direction":[0.401443,0.0712552,0.913108],"handId":56,"id":32,"length":49.9001,"stabilizedTipPosition":[-5.81082,108.302,-19.2252],"timeVisible":3.64192,"tipPosition":[6.24916,115.533,10.6512],"tipVelocity":[45.9064,-5.12014,25.8399],"tool":false,"touchDistance":0.333333,"touchZone":"none"},{"direction":[0.57514,-0.426518,0.698066],"handId":56,"id":55,"length":39.1283,"stabilizedTipPosition":[-36.8941,114.086,9.16059],"timeVisible":3.55992,"tipPosition":[-30.9612,122.378,41.3973],"tipVelocity":[15.0943,-4.61435,46.8073],"tool":false,"touchDistance":0.333333,"touchZone":"none"}],"r":[[0.459033,0.775836,0.43286],[-0.87008,0.294101,0.395558],[0.179584,-0.558197,0.810041]],"s":-1.09137,"t":[385.08,-779.461,289.045],"timestamp":241331268354}
{"currentFrameRate":46.4302,"gestures":[],"hands":[{"direction":[0.426398,0.506276,0.749579],"id":56,"palmNormal":[0.457496,-0.835588,0.304121],"palmPosition":[-41.6761,87.2002,-39.799],"palmVelocity":[27.8988,-2.89139,26.5657],"r":[[0.510094,-0.65176,-0.561261],[0.200723,0.724723,-0.659156],[0.83637,0.223573,0.5005]],"s":1.14022,"sphereCenter":[-41.7498,91.3848,-42.998],"sphereRadius":56.0152,"stabilizedPalmPosition":[-47.4232,86.4087,-49.1041],"t":[15.4905,4.71076,62.075],"timeVisible":3.49881}],"id":30329,"interactionBox":{"center":[0,200,0],"size":[221.418,221.418,154.742]},"pointables":[{"direction":[0.405937,0.0678783,0.911377],"handId":56,"id":32,"length":49.9248,"stabilizedTipPosition":[-5.79782,108.309,-19.1961],"timeVisible":3.66288,"tipPosition":[7.72124,115.356,11.0499],"tipVelocity":[55.6832,-5.27139,22.1704],"tool":false,"touchDistance":0.333333,"touchZone":"none"},{"direction":[0.57141,-0.428728,0.699774],"handId":56,"id":55,"length":39.0815,"stabilizedTipPosition":[-36.8933,114.087,9.16485],"timeVisible":3.58088,"tipPosition":[-30.6422,122.294,42.4252],"tipVelocity":[13.0365,-0.923137,47.5954],"tool":false,"touchDistance":0.333333,"touchZone":"none"}],"r":[[0.459895,0.777037,0.429779],[-0.869365,0.295441,0.39613],[0.180833,-0.555813,0.811401]],"s":-1.06961,"t":[386.002,-779.514,289.837],"timestamp":241331289313}
{"currentFrameRate":39.5043,"gestures":[],"hands":[{"direction":[0.426329,0.504222,0.751002],"id":56,"palmNormal":[0.453775,-0.837424,0.304646],"palmPosition":[-40.7204,87.3117,-39.2617],"palmVelocity":[31.1341,3.63429,17.5055],"r":[[0.508547,-0.650951,-0.563599],[0.19915,0.725735,-0.65852],[0.837687,0.222647,0.498707]],"s":1.17289,"sphereCenter":[-40.838,90.7172,-42.4568],"sphereRadius":55.9348,"stabilizedPalmPosition":[-47.3605,86.4171,-49.0121],"t":[16.6108,4.95927,62.6021],"timeVisible":3.5295}],"id":30331,"interactionBox":{"center":[0,200,0],"size":[221.418,221.418,154.742]},"pointables":[{"direction":[0.411929,0.0647528,0.908912],"handId":56,"id":32,"length":49.9299,"stabilizedTipPosition":[-5.73722,108.335,-19.0788],"timeVisible":3.69358,"tipPosition":[9.89748,115.257,11.1863],"tipVelocity":[64.6627,-3.00138,9.30911],"tool":false,"touchDistance":0.333333,"touchZone":"none"},{"direction":[0.566415,-0.429738,0.703207],"handId":56,"id":55,"length":39.0395,"stabilizedTipPosition":[-36.8926,114.088,9.16829],"timeVisible":3.61157,"tipPosition":[-30.346,122.614,43.7358],"tipVelocity":[9.57546,9.02123,43.4908],"tool":false,"touchDistance":0.333333,"touchZone":"none"}],"r":[[0.459028,0.779072,0.427014],[-0.869241,0.294501,0.397102],[0.183614,-0.553459,0.812385]],"s":-1.03693,"t":[387.123,-779.266,290.365],"timestamp":241331320010}
